4C 6F 72 65 6D 20 69 70 73 75 6D 2C 20 64 6F 6C 
6F 72 20 73 69 74 20 61 6D 65 74 20 63 6F 6E 73 
65 63 74 65 74 75 72 20 61 64 69 70 69 73 69 63 
69 6E 67 20 65 6C 69 74 2E 20 0A 49 6C 6C 75 6D 
20 71 75 6F 20 6D 6F 64 69 20 63 75 70 69 64 69 
74 61 74 65 20 65 75 6D 20 66 61 63 69 6C 69 73 
20 73 65 71 75 69 20 61 6C 69 71 75 61 6D 20 69 
70 73 61 20 0A 65 6C 69 67 65 6E 64 69 3F 20 55 
6C 6C 61 6D 2C 20 61 73 70 65 72 6E 61 74 75 72 
20 76 6F 6C 75 70 74 61 74 65 73 20 6C 61 62 6F 
72 75 6D 20 71 75 61 65 20 65 61 20 0A 61 72 63 
68 69 74 65 63 74 6F 20 69 70 73 75 6D 20 71 75 
61 73 20 73 61 70 69 65 6E 74 65 20 71 75 69 62 
75 73 64 61 6D 20 64 65 6C 65 6E 69 74 69 21 0A 
0A 4C 6F 72 65 6D 20 69 70 73 75 6D 20 64 6F 6C 
6F 72 20 73 69 74 20 61 6D 65 74 2C 20 63 6F 6E 
73 65 63 74 65 74 75 72 20 61 64 69 70 69 73 69 
63 69 6E 67 20 65 6C 69 74 2E 20 0A 49 64 20 6C 
69 62 65 72 6F 20 72 61 74 69 6F 6E 65 20 76 6F 
6C 75 70 74 61 74 65 73 20 6E 61 6D 20 6E 65 71 
75 65 2C 20 76 6F 6C 75 70 74 61 74 65 6D 20 63 
75 70 69 64 69 74 61 74 65 20 0A 69 6E 63 69 64 
75 6E 74 20 76 69 74 61 65 20 65 6F 73 20 66 75 
67 69 61 74 2C 20 73 6F 6C 75 74 61 20 6C 61 62 
6F 72 75 6D 2C 20 69 70 73 75 6D 20 61 74 71 75 
65 2E 20 0A 56 65 72 69 74 61 74 69 73 20 66 75 
67 69 61 74 20 69 6E 20 64 6F 6C 6F 72 65 6D 71 
75 65 20 61 62 20 64 65 6C 65 63 74 75 73 21 0A 
0A 4C 6F 72 65 6D 20 69 70 73 75 6D 20 64 6F 6C 
6F 72 20 73 69 74 20 61 6D 65 74 2C 20 63 6F 6E 
73 65 63 74 65 74 75 72 20 61 64 69 70 69 73 69 
63 69 6E 67 20 65 6C 69 74 2E 20 0A 51 75 69 62 
75 73 64 61 6D 20 64 6F 6C 6F 72 20 61 75 74 20 
62 65 61 74 61 65 2C 20 6D 6F 64 69 2C 20 65 61 
71 75 65 20 6E 75 6C 6C 61 20 72 65 72 75 6D 20 
6F 66 66 69 63 69 61 20 0A 63 75 70 69 64 69 74 
61 74 65 20 6E 6F 73 74 72 75 6D 20 61 63 63 75 
73 61 6E 74 69 75 6D 20 71 75 61 65 20 70 6F 73 
73 69 6D 75 73 20 6E 6F 6E 20 69 6E 76 65 6E 74 
6F 72 65 21 20 0A 43 75 6C 70 61 20 61 6C 69 71 
75 69 64 20 61 64 69 70 69 73 63 69 20 69 64 20 
6E 69 73 69 20 61 6C 69 71 75 61 6D 21 0A 0A 4C 
6F 72 65 6D 20 69 70 73 75 6D 20 64 6F 6C 6F 72 
20 73 69 74 20 61 6D 65 74 20 63 6F 6E 73 65 63 
74 65 74 75 72 20 61 64 69 70 69 73 69 63 69 6E 
67 20 65 6C 69 74 2E 20 0A 51 75 6F 73 20 68 61 
72 75 6D 20 65 6E 69 6D 20 6F 70 74 69 6F 20 70 
65 72 66 65 72 65 6E 64 69 73 20 61 73 70 65 72 
6E 61 74 75 72 20 69 70 73 61 20 71 75 69 20 64 
65 6C 65 63 74 75 73 2C 20 0A 6D 6F 6C 65 73 74 
69 61 73 20 65 78 70 65 64 69 74 61 20 65 73 73 
65 20 6F 6D 6E 69 73 20 73 69 6E 74 2C 20 66 61 
63 69 6C 69 73 20 65 61 71 75 65 20 61 62 20 61 
73 73 75 6D 65 6E 64 61 20 0A 64 75 63 69 6D 75 
73 2E 20 51 75 61 65 2C 20 69 6E 20 63 6F 6E 73 
65 63 74 65 74 75 72 3F FF 